000007
000051
000060
000068
000073
000085
000091
000100
000105
000114
000119
000127
000142
000145
000150
000154
000157
000162
000164
000177
000189
000214
000217
000232
000245
000254
000271
000274
000277
000295
000306
000310
000317
000325
000331
000339
000380
000424
000435
000449
000460
000461
000464
000471
000501
000505
000514
000518
000529
000535
000575
000585
000596
000608
000632
000685
000743
000755
000763
000764
000770
000780
000787
000796
000799
000808
000846
000860
000868
000870
000886
000892
000902
000906
000910
000913
000919
000924
000955
000965
000972
000982
000992
001034
001040
001045
001061
001100
001112
001168
001169
001196
001204
001220
001238
001283
001290
001310
001319
001325
001328
001351
001354
001357
001358
001360
001366
001396
001404
001422
001425
001428
001455
001496
001504
001523
001529
001566
001570
001580
001608
001611
001624
001636
001644
001648
001655
001677
001692
001700
001716
001720
001725
001748
001785
001788
001796
001811
001837
001870
001910
001918
001921
001948
001951
001957
001958
001962
001963
001974
001981
001988
001992
001998
002006
002007
002015
002016
002024
002063
002084
002088
002092
002095
002096
002110
002149
002156
002164
002167
002171
002180
002199
002210
002211
002227
002264
002269
002275
002285
002288
002289
002296
002322
002339
002379
002388
002400
002416
002444
002465
002480
002487
002494
002501
002512
002514
002517
002535
002536
002549
002551
002560
002571
002609
002634
002652
002654
002738
002754
002771
002774
002780
002788
002792
002798
002813
002816
002822
002829
002838
002842
002843
002904
002915
002920
002923
002943
002973
003002
003009
003014
003015
003017
003084
003095
003105
003115
003157
003158
003178
003235
003237
003244
003258
003260
003287
003289
003294
003311
003329
003377
003380
003390
003391
003398
003437
003438
003442
003454
003510
003512
003516
003518
003526
003533
003534
003540
003548
003560
003564
003585
003589
003602
003615
003619
003626
003641
003663
003686
003696
003706
003709
003713
003740
003759
003765
003766
003862
003912
003929
003939
003971
003978
004019
004039
004058
004099
004106
004114
004139
004144
004170
004176
004197
004212
004218
004229
004230
004233
004240
004261
004268
004274
004283
004287
004292
004297
004304
004325
004328
004332
004347
004351
004371
004382
004389
004410
004411
004417
004428
004442
004446
004459
004484
004488
004499
004512
004515
004536
004537
004552
004558
004583
004604
004613
004662
004690
004704
004712
004736
004747
004749
004755
004786
004802
004836
004855
004866
004870
004877
004882
004884
004906
004908
004939
004945
004964
004965
005031
005035
005039
005059
005083
005084
005085
005092
005097
005102
005106
005116
005131
005137
005165
005211
005228
005278
005300
005358
005395
005408
005417
005418
005428
005433
005436
005462
005469
005485
005504
005524
005533
005539
005541
005554
005579
005604
005608
005612
005621
005663
005665
005690
005692
005693
005696
005719
005750
005766
005769
005770
005773
005778
005823
005825
005838
005846
005847
005849
005866
005880
005895
005898
005902
005915
005920
005928
005934
005964
005980
006006
006019
006021
006092
006094
006160
006184
006214
006221
006231
006234
006242
006257
006261
006262
006284
006293
006341
006352
006358
006378
006382
006414
006422
006431
006449
006460
006479
006492
006500
006528
006539
006564
006605
006608
006635
006657
006690
006704
006717
006749
006750
006776
006801
006802
006835
006838
006842
006859
006878
006886
006894
006912
006916
006919
006923
007018
007021
007045
007070
007129
007147
007206
007264
007285
007286
007301
007324
007338
007363
007366
007414
007465
007476
